<?xml version="1.0"?>
<opencv_storage>
<camera_matrix type_id="opencv-matrix">
  <rows>3</rows>
  <cols>3</cols>
  <dt>d</dt>
  <data>
    7.5750412117724397e+02 0. 4.1252287993795801e+02 0.
    7.5641279617745181e+02 2.9504907833820090e+02 0. 0. 1.</data></camera_matrix>
<distortion_coefficients type_id="opencv-matrix">
  <rows>1</rows>
  <cols>5</cols>
  <dt>d</dt>
  <data>
    -4.7305490088971794e-02 1.7164489214942327e-01
    1.9873887872986582e-03 7.9144323332017001e-04
    -2.5468017126036868e-01</data></distortion_coefficients>
</opencv_storage>
